0
0.01
0.0201
0.030298
0.040592
0.0509798
0.0614593
0.0720283
0.0826845
0.0934257
0.10425
0.115154
0.126135
0.137192
0.148322
0.159522
0.17079
0.182122
0.193516
0.20497
0.21648
0.228044
0.239658
0.25132
0.263027
0.274776
0.286563
0.298385
0.31024
0.322124
0.334034
0.345966
0.357917
0.369884
0.381863
0.393851
0.405845
0.41784
0.429833
0.441821
0.4538
0.465766
0.477716
0.489645
0.50155
0.513428
0.525274
0.537084
0.548855
0.560582
0.572262
0.583891
0.595464
0.606978
0.618428
0.629811
0.641122
0.652357
0.663512
0.674583
0.685566
0.696456
0.707249
0.717941
0.728529
0.739006
0.74937
0.759616
0.769739
0.779736
0.789602
0.799332
0.808923
0.81837
0.827669
0.836815
0.845805
0.854633
0.863296
0.871789
0.880108
0.888249
0.896207
0.903978
0.911558
0.918943
0.926128
0.933109
0.939882
0.946443
0.952788
0.958912
0.964811
0.970482
0.97592
0.981122
0.986082
0.990798
0.995265
0.99948
1.00344
1.00714
1.01057
1.01374
1.01663
1.01925
1.02159
1.02365
1.02542
1.0269
1.02809
1.02899
1.02958
1.02987
1.02986
1.02954
1.0289
1.02795
1.02668
1.02509
1.02318
1.02094
1.01837
1.01547
1.01223
1.00866
1.00474
1.00049
0.99589
0.990946
0.985653
0.98001
0.974015
0.967666
0.960961
0.953899
0.946477
0.938696
0.930553
0.922046
0.913176
0.90394
0.894338
0.884369
0.874031
0.863325
0.85225
0.840805
0.82899
0.816804
0.804248
0.791322
0.778024
0.764357
0.750319
0.735912
0.721135
0.70599
0.690477
0.674597
0.658351
0.641741
0.624767
0.60743
0.589733
0.571677
0.553263
0.534493
0.51537
0.495895
0.476071
0.455899
0.435384
0.414526
0.393329
0.371796
0.349929
0.327733
0.305209
0.282362
0.259195
0.235711
0.211915
0.18781
0.1634
0.13869
0.113684
0.0883864
0.0628016
0.0369344
0.0107897
-0.0156276
-0.0423122
-0.0692591
-0.0964627
-0.123918
-0.151618
-0.179558
-0.207732
-0.236135
-0.264758
-0.293598
-0.322646
-0.351896
-0.381342
-0.410978
-0.440795
-0.470787
-0.500946
-0.531266
-0.561739
-0.592358
-0.623114
-0.653999
-0.685007
-0.716129
-0.747356
-0.778681
-0.810095
-0.841589
-0.873155
-0.904785
-0.936468
-0.968197
-0.999963
-1.03176
-1.06357
-1.09539
-1.1272
-1.15901
-1.1908
-1.22256
-1.25428
-1.28594
-1.31755
-1.34909
-1.38055
-1.41192
-1.44319
-1.47435
-1.50539
-1.53629
-1.56705
-1.59766
-1.62811
-1.65838
-1.68846
-1.71835
-1.74803
-1.77749
-1.80672
-1.83571
-1.86445
-1.89293
-1.92113
-1.94904
-1.97666
-2.00397
-2.03096
-2.05762
-2.08393
-2.10989
-2.13549
-2.16071
-2.18554
-2.20997
-2.23398
-2.25758
-2.28074
-2.30346
-2.32572
-2.34751
-2.36882
-2.38964
-2.40995
-2.42976
-2.44904
-2.46778
-2.48597
-2.50361
-2.52068
-2.53716
-2.55306
-2.56835
-2.58303
-2.59709
-2.61051
-2.62329
-2.63541
-2.64686
-2.65764
-2.66774
-2.67714
-2.68583
-2.6938
-2.70105
-2.70756
-2.71333
-2.71835
-2.72259
-2.72607
-2.72877
-2.73067
-2.73177
-2.73207
-2.73155
-2.7302
-2.72802
-2.72501
-2.72114
-2.71641
-2.71083
-2.70437
-2.69703
-2.68881
-2.6797
-2.66969
-2.65877
-2.64695
-2.63421
-2.62055
-2.60596
-2.59044
-2.57398
-2.55658
-2.53824
-2.51894
-2.49869
-2.47748
-2.45531
-2.43218
-2.40807
-2.383
-2.35695
-2.32993
-2.30193
-2.27295
-2.243
-2.21206
-2.18013
-2.14723
-2.11334
-2.07847
-2.04261
-2.00578
-1.96796
-1.92916
-1.88939
-1.84863
-1.80691
-1.76421
-1.72054
-1.67591
-1.63031
-1.58376
-1.53625
-1.48779
-1.43838
-1.38804
-1.33676
-1.28455
-1.23142
-1.17737
-1.12241
-1.06655
-1.00979
-0.952143
-0.893618
-0.834223
-0.773966
-0.712856
-0.650902
-0.588115
-0.524505
-0.460083
-0.394859
-0.328844
-0.262052
-0.194492
-0.126178
-0.0571231
0.0126606
0.0831592
0.154359
0.226246
0.298805
0.372022
0.445882
0.520369
0.595466
0.671159
0.74743
0.824262
0.901638
0.979541
1.05795
1.13685
1.21623
1.29605
1.37631
1.45699
1.53805
1.61949
1.70129
1.78341
1.86585
1.94857
2.03157
2.11481
2.19827
2.28193
2.36577
2.44976
2.53388
2.61811
2.70242
2.78679
2.8712
2.95561
3.04
3.12435
3.20863
3.29282
3.37688
3.4608
3.54455
3.62809
3.71141
3.79447
3.87725
3.95972
4.04184
4.12361
4.20497
4.28592
4.36641
4.44642
4.52592
4.60489
4.68328
4.76108
4.83825
4.91476
4.99059
5.0657
5.14007
5.21365
5.28644
5.35838
5.42946
5.49965
5.5689
5.6372
5.70451
5.77081
5.83605
5.90022
5.96327
6.02519
6.08594
6.14549
6.2038
6.26086
6.31663
6.37107
6.42417
6.47588
6.52618
6.57505
6.62244
6.66834
6.71271
6.75552
6.79675
6.83636
6.87433
6.91063
6.94523
6.9781
7.00922
7.03855
7.06608
7.09177
7.11559
7.13753
7.15755
7.17563
7.19174
7.20587
7.21797
7.22804
7.23604
7.24195
7.24575
7.24742
7.24692
7.24425
7.23938
7.23229
7.22295
7.21135
7.19747
7.18129
7.16278
7.14194
7.11874
7.09316
7.06519
7.03482
7.00202
6.96678
6.92909
6.88893
6.8463
6.80117
6.75353
6.70338
6.6507
6.59548
6.53772
6.47739
6.41451
6.34905
6.28101
6.21039
6.13718
6.06137
5.98296
5.90195
5.81834
5.73212
5.64329
5.55185
5.45781
5.36116
5.2619
5.16005
5.0556
4.94855
4.83892
4.72671
4.61192
4.49457
4.37466
4.2522
4.12721
3.99969
3.86966
3.73712
3.6021
3.46461
3.32467
3.18228
3.03747
2.89027
2.74067
2.58872
2.43442
2.2778
2.11889
1.95771
1.79427
1.62862
1.46077
1.29075
1.1186
0.944332
0.76799
0.589601
0.409198
0.226814
0.0424833
-0.143759
-0.331876
-0.521831
-0.713586
-0.907103
-1.10234
-1.29926
-1.49781
-1.69797
-1.89967
-2.10288
-2.30755
-2.51364
-2.7211
-2.92988
-3.13993
-3.3512
-3.56365
-3.77721
-3.99184
-4.20748
-4.42408
-4.64158
-4.85993
-5.07908
-5.29895
-5.5195
-5.74067
-5.96239
-6.18461
-6.40726
-6.63028
-6.85362
-7.07719
-7.30094
-7.52481
-7.74873
-7.97263
-8.19644
-8.4201
-8.64354
-8.86669
-9.08947
-9.31182
-9.53367
-9.75494
-9.97557
-10.1955
-10.4146
-10.6328
-10.8501
-11.0664
-11.2816
-11.4956
-11.7084
-11.9199
-12.1299
-12.3385
-12.5456
-12.751
-12.9547
-13.1566
-13.3566
-13.5547
-13.7508
-13.9447
-14.1365
-14.326
-14.5132
-14.6979
-14.8801
-15.0598
-15.2368
-15.411
-15.5824
-15.7509
-15.9164
-16.0788
-16.2381
-16.3941
-16.5469
-16.6962
-16.8421
-16.9844
-17.1231
-17.2581
-17.3893
-17.5166
-17.64
-17.7594
-17.8746
-17.9857
-18.0926
-18.1951
-18.2932
-18.3869
-18.4759
-18.5604
-18.6402
-18.7152
-18.7853
-18.8505
-18.9108
-18.966
-19.0161
-19.061
-19.1006
-19.1349
-19.1638
-19.1873
-19.2053
-19.2177
-19.2244
-19.2255
-19.2207
-19.2102
-19.1938
-19.1715
-19.1432
-19.1089
-19.0684
-19.0219
-18.9691
-18.9102
-18.8449
-18.7733
-18.6953
-18.611
-18.5202
-18.4228
-18.319
-18.2086
-18.0916
-17.968
-17.8376
-17.7007
-17.5569
-17.4065
-17.2492
-17.0852
-16.9144
-16.7367
-16.5521
-16.3607
-16.1625
-15.9573
-15.7452
-15.5263
-15.3004
-15.0676
-14.8278
-14.5812
-14.3276
-14.0672
-13.7998
-13.5255
-13.2444
-12.9564
-12.6615
-12.3598
-12.0513
-11.736
-11.4139
-11.0851
-10.7495
-10.4073
-10.0585
-9.70298
-9.34093
-8.97235
-8.59729
-8.21578
-7.82788
-7.43363
-7.03309
-6.62632
-6.21337
-5.7943
-5.36918
-4.93807
-4.50104
-4.05815
-3.60949
-3.15512
-2.69512
-2.22958
-1.75857
-1.28219
-0.800514
-0.313636
0.17835
0.67535
1.17727
1.684
2.19545
2.71151
3.23206
3.75701
4.28625
4.81964
5.35709
5.89846
6.44364
6.9925
7.54492
8.10076
8.6599
9.2222
9.78752
10.3557
10.9267
11.5003
12.0763
12.6546
13.2351
13.8176
14.4019
14.988
15.5756
16.1645
16.7547
17.346
17.9381
18.5309
19.1243
19.7181
20.312
20.906
21.4999
22.0934
22.6863
23.2786
23.87
24.4604
25.0495
25.6371
26.2231
26.8072
27.3894
27.9693
28.5468
29.1217
29.6937
30.2628
30.8286
31.391
31.9498
32.5048
33.0557
33.6024
34.1446
34.6822
35.2149
35.7425
36.2648
36.7817
37.2928
37.798
38.2971
38.7898
39.2759
39.7553
40.2277
40.6929
41.1507
41.6008
42.0431
42.4774
42.9033
43.3208
43.7296
44.1295
44.5203
44.9017
45.2736
45.6357
45.9879
46.3299
46.6616
46.9826
47.2929
47.5922
47.8802
48.1569
48.422
48.6753
48.9166
49.1457
49.3624
49.5665
49.7579
49.9363
50.1016
50.2536
50.392
50.5167
50.6276
50.7244
50.807
50.8753
50.9289
50.9678
50.9919
51.0009
50.9947
50.9731
50.936
50.8832
50.8147
50.7302
50.6296
50.5127
50.3795
50.2299
50.0636
49.8806
49.6807
49.4639
49.23
48.9789
48.7106
48.4248
48.1216
47.8008
47.4624
47.1063
46.7324
46.3406
45.9308
45.5031
45.0573
44.5934
44.1113
43.6111
43.0926
42.5558
42.0007
41.4274
40.8356
40.2256
39.5972
38.9504
38.2853
37.6019
36.9001
36.18
35.4417
34.6851
33.9104
33.1174
32.3064
31.4774
30.6303
29.7653
28.8825
27.982
27.0637
26.1279
25.1746
24.204
23.2161
22.211
21.1889
20.15
19.0943
18.022
16.9332
15.8282
14.707
13.5698
12.4169
11.2484
10.0645
8.86531
7.65115
6.42219
5.17865
3.92074
2.6487
1.36276
0.0631705
-1.24983
-2.57597
-3.915
-5.26665
-6.63064
-8.00669
-9.39452
-10.7938
-12.2043
-13.6256
-15.0575
-16.4996
-17.9517
-19.4133
-20.8841
-22.3638
-23.852
-25.3485
-26.8527
-28.3644
-29.8831
-31.4085
-32.9402
-34.4778
-36.0208
-37.569
-39.1218
-40.6789
-42.2399
-43.8042
-45.3715
-46.9414
-48.5133
-50.0869
-51.6616
-53.2371
-54.8128
-56.3883
-57.9632
-59.5368
-61.1088
-62.6787
-64.2459
-65.81
-67.3705
-68.9268
-70.4785
